99999999999999999999999999999999999999999999999999999999999999999999999999999999
98888888888888888888888888888888888888888888888888888888888888888888888888888889
98                 3              8            8                9             89
98                3 3             8            8      99                      89
98               3    3       e   8            8          99                  89
98              3      3          8          e 8                      99  e   89
98             3        3         8            8                              89
98            3          3        8            8        99   9                89
98        e  3            3       8    e       8             99               89
98          3      e       3      8            8                      e       89
98888888888888888888888888888888888888888888888888888888888888888888888888888889
98       33                  33   8            8      99             e        89
98        33                  33  8            8        99                    89
98       33        e           33 8            8                              89
98        33                 33   8            8    999                       89
98        33                33    8            8                              89
98   e    33               33     8     333    8            99                89
988         33            33      8     3p3    8  99              e           89
9          33              33     8     333    8                              89
9           33         e    33    8            8              9999            89
98888888888888888888888888888888888888888888888888888888888888888888888888888889
99999999999999999999999999999999999999999999999999999999999999999999999999999999